303.75229312850956
296.1587007030936
289.3804195536368
285.5606102129317
275.60804413722894
269.7106649393364
272.97990071510515
267.8014573809237
266.42670580566744
264.7211897808311
263.88136485217444
257.6035826812363
250.29046365238807
249.32130154544083
252.04712012270593
243.2341155070129
245.64273599581801
248.9575912054443
234.69122993863803
236.14890121508748
237.79516817914552
228.86910481165117
227.59675773241733
225.59039667305237
220.3251487040288
226.3266674824326
219.02631896743705
218.050325162834
213.86549503003064
211.32566878264416
210.3641587379607
212.01731187605853
202.74327089169046
206.20494895451716
202.1752978700092
199.42074577720362
199.13862705244074
208.0381323548893
191.79379199730664
190.96077429166604
194.2633601976075
202.1982199152087
196.5052877859789
193.4963217071061
187.81263153998003
193.96742466444815
184.37941830074217
186.58395914009003
183.6440648879997
186.30034181577867
178.56842078184565
174.00547160828145
168.57032365688784
172.31665126143673
169.40602220382942
168.83051518840546
170.5536919738419
161.41144581411814
168.5588022313622
164.68561495641598
163.4117449688146
157.56898757708908
160.3292103224605
154.48064574603765
153.60252608456426
151.1443881957757
159.0093311673169
146.43393708238983
145.869151520456
140.12753712410546
140.4077607185947
142.98784284693758
135.54704003679387
140.51698701095833
138.11879326713586
137.2503127844618
134.05902894328517
131.14950663732057
127.82808943593903
127.66116668719681
124.71316004264972
129.61709029231508
125.82098226397463
128.57399267390971
125.1834947374534
117.15889708571137
114.30652309290306
114.10126874304277
118.44585216643381
111.94261641936632
110.18925577872889
109.35257347801772
105.92103670258132
111.78671702721789
106.76682800523997
105.03823669293106
98.27952004316464
98.3760581952539
100.62831401813924
99.42067386991246
96.89914943261405
88.10991240967766
85.73959090191241
82.55856794958575
92.19677205959522
89.5525826183333
83.87292899377815
74.48449510153218
82.31321139077703
77.15847357659531
76.0405872904781
70.48505473737323
65.96695111182646
73.55718641828102
68.9072563645285
64.0947018052223
60.2956499826808
61.153483524358975
61.616729322942376
61.53824857314336
60.57537597384558
60.7176495869909
56.141970464935795
60.42131628131551
53.6470706112531
55.16154657183945
48.516889553505266
51.31729841535628
60.285011892635254
53.32653198473989
44.29156191283582
39.24704634243771
43.296959140424974
43.57382208872549
42.43470744333784
44.24176567730862
33.85055545825006
28.470493635990167
27.04541231616895
35.58013400884592
34.95336849980333
32.27102170307606
22.528272872461088
26.042950083238978
26.2207433741592
28.0993104473758
33.08332721245884
30.131907597816735
21.654278850630504
23.51913509059878
20.300488404878706
26.774503672078794
24.789603859364973
14.282338695737138
13.62123208064834
10.683094997692862
5.530763350186561
15.929382491770916
9.651867655239862
7.686891670763153
2.921130163367174
0.1166526002733832
5.76786574850297
3.020648177897172
0.989583899665476
2.312424883814977
0.0
0.0
0.0
0.0
0.0
0.0
0.0
0.0
0.0
0.0
0.0
0.0
0.0
0.0
0.0
0.0
0.0
0.0
0.0
0.0
0.0
0.0
0.0
0.0
0.0
0.0
0.0
0.0
0.0
0.0
0.0
0.0
0.0
0.0
0.0
0.0
0.0
0.0
0.0
0.0
0.0
0.0
0.0
0.0
0.0
0.0
0.0
0.0
0.0
0.0
0.0
0.0
0.0
0.0
0.0
0.0
0.0
0.0
0.0
0.0
0.0
0.0
0.0
0.0
0.0
0.0
0.0
0.0
0.0
0.0
0.0
0.0
0.0
0.0
0.0
0.0
0.0
0.0
0.0
0.0
0.0
0.0
0.0
0.0
0.0
0.0
0.0
0.0
0.0
0.0
0.0
0.0
0.0
0.0
0.0
0.0
0.0
0.0
0.0
0.0
0.0
0.0
0.0
0.0
0.0
0.0
0.0
0.0
0.0
0.0
0.0
0.0
0.0
0.0
0.0
0.0
0.0
0.0
0.0
0.0
0.0
0.0
0.0
0.0
0.0
0.0
0.0
0.0
0.0
0.0
0.0
0.0
0.0
