299.21600202476316
311.56540623101046
302.2537222009564
293.06177100750733
280.18034408631274
294.6630939255647
286.24972208653185
284.5734501287725
282.07546219932647
284.929126240419
277.5482291876847
275.17648736171805
268.2818189153286
256.0656181955476
282.62334214124166
263.87703879887727
264.6870453138299
270.0556812814
265.85046458452666
244.07602127405355
252.83032287370744
257.9474687772363
245.4630167149239
248.7895908852631
251.55472215625556
250.81590106775727
235.9164217374241
250.9301824118006
246.2050856822436
238.22116083837065
215.22771092177092
249.59297587682292
233.2747167428349
221.90219397113967
227.8926618863413
225.55577848933896
219.68477920461484
232.74117012275084
198.37730019164857
215.38725567747176
222.15388215975938
219.8014471526137
217.88281383232763
199.35860976353067
215.60922723242308
209.00811234714203
202.57152530114806
184.08770877012805
198.76010489659777
212.78359754108826
207.88386741578458
209.49920026958918
190.94129084818584
209.1287272726822
190.73923733844637
200.2424698733207
181.97900999905684
192.8863082604714
212.44733379713986
191.291038495724
173.66413883850348
176.59664061371197
171.28469428117907
175.17927112913023
169.0985261066621
159.54977777439896
188.71806617527702
174.72115362845736
166.37978244514235
151.50778553557186
153.43202900513708
156.85741202223946
152.558171665878
148.8817200687931
148.81610621856723
151.41862456686246
129.13368836143147
142.46185940485154
145.82807548848766
147.9827003479297
131.48303442416156
134.05078287173203
138.97077927347297
162.69284957122065
128.5104551075958
116.13420586472577
133.9254699806456
121.18236590668513
128.26975138587406
118.4470326283292
112.1563971452542
114.00425129351399
120.11021781668816
132.12639871768667
117.6599982813095
94.98177128478753
98.06637723456603
99.85099326928591
109.27812264060114
95.70246493508691
112.86962561866378
102.01769405874686
92.64433486510868
64.98896721323533
78.43368970490857
88.09495788403157
93.75411987645859
95.70532307939376
50.59844905384077
87.49938608544423
58.555150619626346
58.576131344949744
77.55594969671253
50.712837910231855
54.665430843966504
46.456695519518206
75.37256568590075
42.29232897102108
63.90894857237865
53.944119289544886
42.4800293293533
58.57251036972613
51.10441161505943
57.65086283161028
70.47222991510259
56.72467809986685
46.01884353473585
31.928937494070823
68.40441332984184
52.77831476677326
29.871833306822708
20.511501468477917
39.88218723823158
45.316545986952605
36.491082930537885
18.907403081001775
32.80094507891815
40.2056610438444
9.31747091079771
30.347107214472516
34.27515999402473
19.695228809818417
7.035353084712568
2.8228528410927254
5.1804285166851685
15.102935368637617
23.216208177277593
12.063924316916058
6.52596216076185
16.773636980474834
10.44618789219382
23.770741005160943
2.704807584176905
3.6110519766973255
0.0
0.0
0.0
1.6363379339445316
0.0
0.0
0.0
0.0
0.0
0.0
0.0
0.0
0.0
0.0
0.0
0.0
0.0
0.0
0.0
0.0
0.0
0.0
0.0
0.0
0.0
0.0
0.0
0.0
0.0
0.0
0.0
0.0
0.0
0.0
0.0
0.0
0.0
0.0
0.0
0.0
0.0
0.0
0.0
0.0
0.0
0.0
0.0
0.0
0.0
0.0
0.0
0.0
0.0
0.0
0.0
0.0
0.0
0.0
0.0
0.0
0.0
0.0
0.0
0.0
0.0
0.0
0.0
0.0
0.0
0.0
0.0
0.0
0.0
0.0
0.0
0.0
0.0
0.0
0.0
0.0
0.0
0.0
0.0
0.0
0.0
0.0
0.0
0.0
0.0
0.0
0.0
0.0
0.0
0.0
0.0
0.0
0.0
0.0
0.0
0.0
0.0
0.0
0.0
0.0
0.0
0.0
0.0
0.0
0.0
0.0
0.0
0.0
0.0
0.0
0.0
0.0
0.0
0.0
0.0
0.0
0.0
0.0
0.0
0.0
0.0
0.0
0.0
0.0
0.0
0.0
0.0
0.0
0.0
0.0
0.0
0.0
0.0
0.0
0.0
0.0
0.0
0.0
0.0
0.0
0.0
