332.6666326578089
344.33182777450463
334.7104875942581
325.61914512061253
325.1525090930984
327.0831232058756
315.1976299655196
316.30088109996063
312.1273819637796
312.58827884206903
308.308615898516
303.0888132057305
300.1047453729975
293.3248804395214
303.93985033746605
298.6136046317995
299.86582306129196
283.3762527959044
284.60325598317166
285.5556727702621
279.3553428227833
277.9078920080585
280.3415626619625
273.8681663736095
265.3385586597461
267.61620393365126
271.5864824998492
263.6496433169286
258.4202833155765
267.0565076373317
254.50653203542672
254.85159122887467
250.68226675069866
254.77465622183846
256.1394203405923
249.5663039156533
241.48231105867634
244.45462745663352
240.8028191446663
243.07102688184503
244.99245311040096
237.55771095062522
240.44627343599566
237.4189599533228
241.4175573069751
237.3516439178839
235.57399045522703
233.2729349872988
230.14725983295173
231.30086519177
232.3670446314757
228.46674894448634
220.8130552554089
220.23768095251862
220.16225332992013
220.18623465725415
215.91487583326392
219.16661459407575
216.2483459859808
213.80838750817597
206.49528315785815
205.97065442037174
205.61762237330564
199.7391236842678
204.7090417369645
200.76172775705254
200.36865982325207
199.27196720389523
196.28384496195292
189.0714861467374
183.52089591769177
187.9814126164495
190.02146903808026
185.0851489542991
185.4955696231829
186.50867659872708
183.53954448275488
176.55007916283054
180.18972622893858
180.64718670049376
174.88723684402055
170.1472096529431
179.07335760770357
169.61465486442788
173.1356283514179
166.54808599015715
163.32715813197535
172.76643599991198
167.58953997969286
167.44813254333786
163.28521470355471
158.60781705204818
159.41955259864338
155.0428511075368
157.69455336347272
154.81607678708087
151.36614860016638
142.869447156501
147.91937101063752
146.17654713053298
148.51924730877397
139.9471303273678
129.97999831311347
133.41961634917115
136.2118861650873
140.10593945295048
138.16727122085138
122.88020234437046
130.35692524125943
128.92544404859973
120.13162787793618
116.68841012689236
112.6062976854762
115.18573224160028
112.42212275577883
109.74974981670495
110.55070624755045
115.6415024931645
112.72472867881432
114.34403756220156
99.82792668277767
102.05908962972478
104.40184204136162
107.76114355791964
103.60879540812053
97.32878016816115
94.47267868360778
99.95119447005459
104.42619099696576
94.90549785735593
93.7058874133904
91.14291917815856
95.92827037701858
93.18380704346812
90.53348819670563
84.60923840707622
83.1574683954496
79.2117576789266
80.62018463817788
82.88502461666305
84.30956954616349
84.9257219546542
77.90598551881885
76.12471861416365
75.18227711965613
76.972442798695
76.07309121658301
78.35335859846069
75.80099735946112
70.85295437828074
70.09247309662192
71.62226468546532
77.4604010232321
68.48412224729293
63.97959324740849
64.10736051813501
56.06487777498988
63.153408797175295
59.690597762433
57.12896177432408
54.81229429073459
54.9984845522352
59.087023274059966
52.810388993101675
51.31368849978358
56.176831378880365
45.50240225963755
51.081321493660056
43.954477237087936
51.70616950570457
45.20038847283658
49.16794917425991
41.31297812690629
41.53262885869355
36.18069353724616
36.04904201381392
39.90042546492486
40.72902826365865
33.78643600816307
34.80040936472662
26.534242187564104
32.183251633885845
28.828213939595834
27.448063729667368
21.55309809856714
25.610941726513026
23.747807230656782
21.516629182211272
25.965890624955243
12.999145166242272
24.589956194966813
23.40343137404402
23.05063466749844
8.287482527974824
12.224188097808778
15.344043372497683
11.071141214734691
7.433445386083314
10.241292325530395
8.623245820767586
4.357337846148809
6.030333865811954
8.478129712673237
5.607577835623779
0.0
3.2966290123264343
7.608606723214969
8.691240442328152
0.0
0.0
0.0
3.1353690356381634
0.0
0.0
0.0
0.0
0.0
0.0
0.0
0.0
0.0
0.0
0.0
0.0
0.0
0.0
0.0
0.0
0.0
0.0
0.0
0.0
0.0
0.0
0.0
0.0
0.0
0.0
0.0
0.0
0.0
0.0
0.0
0.0
0.0
0.0
0.0
0.0
0.0
0.0
0.0
0.0
0.0
0.0
0.0
0.0
0.0
0.0
0.0
0.0
0.0
0.0
0.0
0.0
0.0
0.0
0.0
0.0
0.0
0.0
0.0
0.0
0.0
0.0
0.0
0.0
0.0
0.0
0.0
0.0
0.0
0.0
0.0
0.0
0.0
0.0
0.0
0.0
0.0
0.0
0.0
0.0
0.0
0.0
0.0
0.0
0.0
0.0
0.0
