219.47695384542877
215.25156972317586
211.48316570080792
203.4851180991691
193.95077772098003
170.83267603060042
161.80395673692684
148.35180666963424
189.08362084989508
184.9359964389093
151.97855917075634
167.69638350350644
104.1883986651113
157.09873734340854
164.95165150448082
112.63094418930818
133.52501538771162
72.44674669076167
66.94390050780072
98.4026091345875
83.42091277532454
92.82379086995623
72.1040985369764
73.98649525137311
68.98345728435748
73.77950900997223
71.0953366322145
160.27373902940147
93.35929701559937
69.43037066019735
90.20405422149088
70.14036889018087
80.78526405003333
69.07716223097219
75.56404797082304
90.12526240059147
63.782920475778376
66.7526046303335
64.34393430066316
63.25955913124056
122.30860595308795
69.70270712488093
66.90372412155966
65.99709570577713
80.02917169043168
82.72125312921794
61.26191420370433
61.753419962659784
64.75292903911046
62.87093276933905
61.284347631961424
58.310135484919186
57.7541572355263
109.86555322255884
57.35194725982949
53.93864932420327
54.782289194608964
56.03506422409877
57.358419522259176
67.06715995651095
56.216548646361325
50.785732372631855
50.989153436577524
42.8358093330135
48.85921551004932
50.00631062832288
51.80654654926469
47.700251264523594
44.755439229504354
41.654036035110224
53.5088585684304
41.654036035110224
41.446008537024326
38.00121447136274
37.66375453363965
39.34128531200108
38.685782591109316
37.96686329834222
36.23923070512898
36.65680705980878
34.99663714297194
37.182168651097236
37.314600875067505
36.694990397080836
34.99663714297194
34.81235142868624
34.536827177353594
34.99663714297194
35.39156537263702
34.99663714297194
34.79806537263702
34.46563714297195
34.70813714297194
34.99663714297194
34.81235142868624
33.79451376634858
35.51421073604555
33.53951376634858
33.35885467543949
34.42898626826268
33.35885467543949
34.17398626826268
31.92395785004267
33.7250595816444
33.53951376634858
32.8699657865506
32.73163245321727
31.163695945280764
32.16626412709894
31.160713901740326
30.526241399826223
30.710527114111937
32.19593836952319
31.163695945280764
31.344523867358685
30.086741399826224
30.526241399826223
30.086741399826224
30.39477711411194
28.872335416920237
29.265796955381774
30.225626015210832
30.225626015210832
30.225626015210832
30.225626015210832
28.781769177603998
28.369002083586896
30.526241399826223
30.225626015210832
28.701220032304846
28.715435844270665
28.306352510937327
28.461459154293962
29.376185844270662
29.508133951718765
29.673403792988612
27.016676686761503
28.68637365645848
27.016676686761503
27.155561302146115
27.953176686761502
29.16432045965528
28.68637365645848
29.611532747367566
27.016676686761503
26.716061302146116
28.302522840607654
27.016676686761503
28.385758271843088
27.456176686761502
27.016676686761503
27.155561302146115
27.155561302146115
27.016676686761503
27.016676686761503
26.716061302146116
26.716061302146116
26.716061302146116
26.716061302146116
26.716061302146116
27.016676686761503
26.716061302146116
26.716061302146116
28.385758271843088
26.716061302146116
27.016676686761503
26.716061302146116
28.385758271843088
26.716061302146116
26.716061302146116
26.716061302146116
26.716061302146116
27.016676686761503
27.016676686761503
27.155561302146115
26.716061302146116
26.716061302146116
26.716061302146116
26.716061302146116
26.716061302146116
26.716061302146116
26.716061302146116
26.716061302146116
28.385758271843088
27.155561302146115
26.716061302146116
26.716061302146116
26.716061302146116
26.716061302146116
26.716061302146116
28.385758271843088
26.716061302146116
28.385758271843088
26.716061302146116
26.716061302146116
26.716061302146116
27.016676686761503
28.68637365645848
28.68637365645848
28.385758271843088
26.716061302146116
26.716061302146116
27.016676686761503
27.016676686761503
26.716061302146116
26.716061302146116
26.716061302146116
26.716061302146116
26.716061302146116
28.385758271843088
26.716061302146116
26.716061302146116
26.716061302146116
26.716061302146116
26.716061302146116
27.016676686761503
26.716061302146116
26.716061302146116
26.716061302146116
26.716061302146116
26.716061302146116
26.716061302146116
26.716061302146116
28.385758271843088
26.716061302146116
26.716061302146116
28.385758271843088
26.716061302146116
26.716061302146116
26.716061302146116
26.716061302146116
26.716061302146116
27.73796606405088
27.73796606405088
27.73796606405088
26.716061302146116
26.716061302146116
26.716061302146116
26.984632730717543
26.716061302146116
27.73796606405088
26.716061302146116
27.73796606405088
26.716061302146116
30.9354156737636
26.716061302146116
26.716061302146116
28.385758271843088
26.716061302146116
27.73796606405088
26.716061302146116
31.671463292811225
26.984632730717543
26.716061302146116
26.716061302146116
26.716061302146116
27.73796606405088
29.40766303374786
27.88377414485896
27.73796606405088
31.671463292811225
27.419632730717545
31.48424424519218
30.40504186423979
31.48424424519218
27.643955097239914
31.48424424519218
31.48424424519218
31.48424424519218
31.48424424519218
31.165910911858845
31.48424424519218
30.40504186423979
31.48424424519218
31.48424424519218
31.48424424519218
31.48424424519218
31.48424424519218
31.165910911858845
31.165910911858845
31.165910911858845
31.48424424519218
31.22119005800006
30.902856724666727
31.48424424519218
31.48424424519218
30.902856724666727
30.902856724666727
31.22119005800006
31.0815536943637
31.22119005800006
30.902856724666727
31.165910911858845
30.902856724666727
30.902856724666727
30.902856724666727
30.902856724666727
31.22119005800006
30.902856724666727
