  40.47377
  39.74161
  39.17380
  38.65528
  38.22607
  37.87145
  37.59252
  37.36191
  37.19987
  37.19053
  37.07739
  36.88368
  36.71736
  36.59978
  36.66619
  36.61086
  36.54638
  36.33753
  36.22464
  36.23458
  36.27027
  36.24041
  36.10664
  35.98213
  35.91292
  36.03076
  36.00745
  35.98432
  35.81165
  35.72769
  35.65420
  35.62122
  35.57282
  35.51669
  35.46750
  35.41944
  35.37658
  35.42832
  35.38379
  35.31179
  35.27680
  35.31015
  35.40696
  35.40902
  35.36947
  35.18052
  35.11957
  35.19459
  35.19698
  35.19098
  35.02784
  34.93450
  34.87566
  34.97723
  34.97314
  34.93844
  34.75487
  34.68350
  34.64528
  34.78701
  34.77623
  34.68770
  34.55703
  34.49965
  34.61965
  34.61021
  34.59667
  34.46577
  34.40389
  34.34647
  34.33038
  34.32636
  34.29674
  34.21107
  34.17712
  34.12276
  34.18008
  34.16113
  34.07373
  34.00637
  33.94027
  34.06709
  34.06584
  34.04285
  33.89384
  33.82988
  33.78654
  33.92259
  33.96246
  33.91859
  33.75750
  33.67991
  33.63489
  33.78833
  33.76785
  33.69954
  33.50200
  33.45794
  33.51377
  33.53520
  33.53273
  33.37627
  33.26068
  33.17338
  33.32144
  33.31123
  33.30519
  33.11000
  33.04688
  32.97825
  32.93397
  32.89887
  32.85307
  32.80703
  32.73345
  32.68134
  32.68865
  32.72046
  32.64846
  32.58965
  32.52301
  32.66622
  32.69885
  32.73229
  32.64357
  32.46152
  32.39149
  32.51917
  32.58237
  32.56738
  32.41632
  32.28181
  32.19617
  32.35413
  32.40361
  32.41264
  32.19931
  32.11455
  32.04681
  32.22603
  32.35702
  32.28245
  32.04891
  31.96108
  31.91122
  32.10659
  32.16890
  32.15735
  31.92556
  31.87202
  31.82756
  31.87825
  31.99591
  31.84475
  31.71867
  31.64521
  31.55058
  31.60953
  31.58792
  31.47969
  31.37955
  31.31315
  31.48355
  31.48882
  31.54634
  31.46110
  31.27481
  31.20275
  31.24755
  31.35092
  31.33202
  31.26068
  31.07767
  31.05681
  31.09778
  31.23527
  31.22958
  31.08514
  30.92484
  30.83761
  30.92514
  31.04530
  31.03223
  30.90312
  30.75195
  30.67940
  30.78745
  30.81818
  30.82216
  30.68209
  30.54901
  30.46555
  30.40186
  30.42561
  30.42380
  30.29780
  30.21637
  30.13971
  30.08155
  30.12989
  30.11057
  30.03775
  29.97516
  29.92896
  30.12663
  30.23400
  30.23469
  30.14482
  29.95819
  29.89194
  29.94963
  30.03257
  30.03789
  29.96034
  29.80735
  29.74995
  29.73704
  29.87723
  29.91549
  29.91701
  29.75089
  29.66541
  29.61697
  29.77625
  29.79162
  29.78941
  29.52461
  29.45142
  29.39835
  29.59366
  29.62329
  29.62020
  29.39547
  29.32215
  29.23073
  29.25738
  29.33561
  29.29935
  29.18293
  29.08757
  29.05263
  29.00448
  29.08749
  29.06472
  28.94040
  28.86119
  28.77746
  28.98978
  29.06101
  29.02115
  28.85222
  28.77693
  28.71041
  28.85676
  28.86475
  28.86363
  28.74920
  28.63836
  28.59158
  28.65090
  28.75111
  28.74352
  28.61200
  28.43875
  28.37627
  28.30627
  28.53581
  28.46134
  28.48983
  28.33209
  28.25102
  28.14348
  28.37188
  28.31774
  28.28525
  28.15658
  28.07670
  28.03549
  28.01913
  28.09267
  28.07105
  27.92506
  27.85670
  27.79383
  27.72095
  27.81682
  27.83992
  27.70255
  27.58394
  27.50160
  27.74293
  27.83341
  27.82782
  27.74143
  27.57017
  27.52585
  27.55868
  27.59625
  27.54300
