  37.20271
  36.22303
  35.58930
  35.10808
  34.76728
  34.51914
  34.31969
  34.17658
  34.04663
  34.18753
  34.07005
  33.97044
  33.77004
  33.70503
  33.71014
  33.74975
  33.67808
  33.54328
  33.57989
  33.41692
  33.54879
  33.48888
  33.46614
  33.30558
  33.28812
  33.26650
  33.38786
  33.38368
  33.28306
  33.09500
  33.05934
  33.00589
  32.97730
  32.93551
  32.89801
  32.86387
  32.81979
  32.77469
  32.79736
  32.75672
  32.69147
  32.68127
  32.66245
  32.82705
  32.82064
  32.79373
  32.57228
  32.50680
  32.48595
  32.62446
  32.59867
  32.49097
  32.36157
  32.37905
  32.41867
  32.45003
  32.40339
  32.22724
  32.19196
  32.14438
  32.30145
  32.26452
  32.24551
  32.05442
  32.00996
  32.00484
  32.09426
  32.08527
  32.07209
  31.86251
  31.83152
  31.79246
  31.81887
  31.75775
  31.71534
  31.67409
  31.63687
  31.60067
  31.61796
  31.59750
  31.51869
  31.49502
  31.43062
  31.58672
  31.55741
  31.52708
  31.33172
  31.27287
  31.28581
  31.39977
  31.36125
  31.28096
  31.09326
  31.00122
  31.00760
  31.11822
  31.14519
  31.11905
  30.86233
  30.82642
  30.71305
  30.80377
  30.85673
  30.78594
  30.50536
  30.47258
  30.34655
  30.50999
  30.49051
  30.39563
  30.19904
  30.21263
  30.10972
  30.07405
  29.95982
  29.83496
  29.85543
  29.72024
  29.60307
  29.59823
  29.49157
  29.43612
  29.26907
  29.15116
  29.08011
  29.22588
  29.21082
  29.13520
  28.89590
  28.75198
  28.74296
  28.78606
  28.82256
  28.63813
  28.41624
  28.24440
  28.20996
  28.31554
  28.41683
  28.21726
  27.89986
  27.69998
  27.82582
  27.89721
  27.91052
  27.84268
  27.46271
  27.43227
  27.35127
  27.55920
  27.61069
  27.59251
  27.09533
  27.22589
  27.10729
  26.99298
  27.52707
  27.17517
  26.84469
  26.86718
  26.79925
  26.74040
  26.75407
  26.68851
  26.56393
  26.46313
  26.22058
  26.44036
  26.16873
  26.23725
  26.05509
  25.72758
  25.63926
  25.54457
  25.71047
  25.62528
  25.54471
  25.22396
  25.13619
  25.01646
  25.14023
  25.14129
  25.01977
  24.68764
  24.58035
  24.43739
  24.47442
  24.60285
  24.44618
  24.13171
  24.00634
  23.87776
  23.75884
  23.85814
  23.94127
  23.70942
  23.36921
  23.16277
  22.97566
  22.63581
  36.77170
  35.63747
  34.56488
  33.85038
  33.37832
  32.96715
  32.73627
  32.58206
  32.41430
  32.23382
  32.13150
  32.00968
  31.87217
  31.75290
  31.70604
  31.68117
  31.56552
  31.45425
  31.36233
  31.29419
  31.24853
  31.21282
  31.13388
  31.04638
  31.02255
  31.01906
  30.96767
  30.89023
  30.82419
  30.81132
  30.76906
  30.72574
  30.73504
  30.63349
  30.57564
  30.56924
  30.54765
  30.52220
  30.48589
  30.39266
  30.38649
  30.36581
  30.35001
  30.28889
  30.30049
  30.23085
  30.24341
  30.19888
  30.21163
  30.16230
  30.15890
  30.10592
  30.06532
  30.02151
  30.00904
  29.99051
  29.96410
  29.91042
  29.85402
  29.85047
  29.83163
  29.80071
  29.80630
  29.75602
  29.70373
  29.66263
  29.62052
  29.68505
  29.66755
  29.67856
  29.62393
  29.60211
  29.58326
  29.58806
  29.55810
  29.51865
  29.50513
  29.51701
  29.55075
  29.51203
  29.44575
  29.42559
  29.38393
  29.37071
  29.33961
  29.39301
  29.34808
  29.30225
  29.11517
  29.09340
  29.08581
  29.10207
  29.11890
  29.14333
  29.02919
  28.99254
  28.99989
  28.97438
  29.03469
  28.98304
  28.91847
  28.87474
  28.93277
  28.91105
  28.91841
  28.96362
  28.91335
  28.92133
  28.92249
  28.98839
  28.87152
  28.75883
  28.69938
  28.64556
  28.62264
  28.66045
  28.74053
  28.65482
  28.61656
  28.57191
  28.55213
  28.61814
  28.62662
  28.58612
  28.50506
  28.50340
  28.48674
  28.51954
  28.58240
  28.58159
  28.51330
  28.50286
  28.50801
  28.48180
  28.48440
  28.47226
  28.42864
  28.41686
  28.40305
  28.37069
  28.41211
  28.36728
  28.34880
  28.32844
  28.32331
  28.31351
  28.33866
  28.30913
  28.25137
  28.23495
  28.24336
  28.23469
  28.22613
  28.19258
  28.17204
  28.11110
  28.11518
  28.13132
  28.19676
  28.18437
  28.11749
  28.13266
  28.02905
  28.02667
  28.03148
  28.06431
  27.99707
  27.95772
  27.92223
  27.91638
  27.95226
  27.94183
  27.87029
  27.82689
  27.78528
  27.75411
  27.89999
  27.86396
  27.78066
  27.77488
  27.73809
  27.72748
  27.80459
  27.79958
  27.72833
  27.67734
  27.66824
  27.70283
  27.82278
  27.85994
  27.80012
  27.75260
  27.75206
  27.71557
  27.79909
  27.78768
  27.55869
  27.50134
  27.38704
  27.29572
  27.46615
  27.49224
  27.42757
  27.28525
  27.26945
  27.23247
  27.37144
  27.41615
  27.42029
  27.31475
  27.32331
  27.29773
  27.40099
  27.71508
  27.70330
  27.70159
  27.70892
  27.70584
  27.70579
  27.71022
  27.67093
  27.67447
  27.65562
  27.66178
  27.65471
  27.63007
  27.57366
  27.53385
  27.52197
  27.47997
  27.56011
  27.23649
  27.17878
  26.93252
  26.83302
  26.77427
  26.97453
  27.13267
  26.97162
  26.69480
  26.67924
  26.66395
  26.89733
  27.01507
  26.99532
  26.77299
  26.69946
  26.67002
  26.89180
  26.95715
  35.06084
  32.24272
  30.33672
  29.34777
  28.71545
  28.31015
  28.02312
  27.85251
  27.75170
  27.62321
  27.48992
  27.28971
  27.24092
  27.27800
  27.19134
  27.12985
  27.05306
  26.99834
  27.08141
  27.09750
  27.09483
  27.11561
  27.05905
  26.98226
  27.02987
  27.11537
  27.16479
  27.15139
  27.14475
  27.04960
  27.07044
  27.09530
  27.11337
  27.12285
  27.10392
  27.03669
  27.00227
  27.01755
  26.99768
  26.95756
  26.89334
  26.82548
  26.79521
  26.83681
  26.83496
  26.86529
  26.83125
  26.77455
  26.72594
  26.73610
  26.72864
  26.71335
  26.68182
  26.57213
  26.58548
  26.63318
  26.63158
  26.62627
  26.58050
  26.55402
  26.54711
  26.62792
  26.68697
  26.74264
  26.71812
  26.62249
  26.43493
  26.46448
  26.46582
  26.45897
  26.46550
  26.43157
  26.40120
  26.39195
  26.40350
  26.39674
  26.38838
  26.30511
  26.27105
  26.31109
  26.31483
  26.34609
  26.35589
  26.22450
  26.26808
  26.29715
  26.33220
  26.36925
  26.41739
  26.26232
  26.10639
  26.08845
  26.06862
  26.06329
  26.07528
  26.00190
  25.98325
  25.99094
  26.00102
  25.99529
  25.99972
  25.96697
  25.95308
  25.98957
  25.95147
  25.95035
  25.93840
  25.92519
  25.91555
  25.93561
  25.92200
  25.89044
  25.88610
  25.87748
  25.88837
  25.90986
  25.91668
  25.88339
  25.88194
  25.85596
  25.79543
  25.80607
  25.78009
  25.75764
  25.76143
  25.73736
  25.68431
  25.69929
  25.65542
  25.66742
  25.71058
  25.66771
  25.62362
  25.58318
  25.56345
  25.59598
  25.57832
  25.57806
  25.51196
  25.48442
  25.50365
  25.52119
  25.50448
  25.50206
  25.46226
  25.45988
  25.41924
  25.40960
  25.40132
  25.38833
  25.34390
  25.32310
  25.34166
  25.33254
  25.33725
  25.36581
  25.32221
  25.26481
  25.25717
  25.26214
  25.27105
  25.29344
  25.22456
  25.19564
  25.20426
  25.19944
  25.18178
  25.20204
  25.19856
  25.27735
  25.29547
  25.24571
  25.25712
  25.23447
  25.16738
  24.96707
  25.01174
  24.86202
  24.86302
  24.88396
  24.88258
  24.84425
  24.79593
  24.80965
  24.74997
  24.80646
  24.82059
  24.79292
  24.75869
  24.73981
  24.72546
  24.75951
  25.01754
  24.98576
  25.04214
  25.03909
  25.03535
  25.00492
  25.02373
  25.00364
  25.06197
  24.98723
  24.99068
  25.05539
  24.91688
  24.88461
  24.90194
  24.92312
  24.90174
  24.90727
  24.53826
  24.47486
  24.36505
  24.35956
  24.32273
  24.46796
  24.45476
  24.24471
  24.07610
  24.06106
  24.01542
  24.23120
  24.26296
  24.21593
  24.01588
  24.01242
  23.93849
  24.36731
  24.28640
  35.53422
  34.23352
  33.32804
  32.72731
  32.31167
  32.22121
  32.06960
  31.78917
  31.60871
  31.43520
  31.36526
  31.49226
  31.44771
  31.30954
  31.22809
  31.18708
  31.18109
  31.34580
  31.27713
  31.13203
  31.04367
  31.07727
  31.21932
  31.28701
  31.16910
  31.10153
  31.01463
  31.02465
  31.10935
  31.01863
  30.83509
  30.66349
  30.51057
  30.68431
  30.78902
  30.77976
  30.52542
  30.46921
  30.41993
  30.63020
  30.73903
  30.73209
  30.49013
  30.45768
  30.39828
  30.72657
  30.87375
  30.81118
  30.73003
  30.70912
  30.70334
  30.75604
  30.73836
  30.60830
  30.56287
  30.49829
  30.46833
  30.55284
  30.52327
  30.38991
  30.29640
  30.25681
  30.39797
  30.27130
  30.12530
  29.75064
  29.58415
  29.51296
  29.88076
  30.06074
  29.76088
  29.41446
  29.35419
  29.42057
  29.91537
  30.06126
  29.85303
  29.45362
  29.43887
  29.50583
  29.83483
  40.11331
  39.53193
  39.11414
  38.77584
  38.47334
  38.30385
  38.12180
  38.01528
  37.81360
  37.78578
  37.69489
  37.56736
  37.44614
  37.33651
  37.34432
  37.27494
  37.31039
  37.11317
  36.98361
  36.92432
  36.90946
  36.86922
  36.76653
  36.66012
  36.56268
  36.57570
  36.46934
  36.52464
  36.37511
  36.26142
  36.19407
  36.14468
  36.02699
  36.06218
  35.97015
  35.87683
  35.81648
  35.76436
  35.69685
  35.62970
  35.54109
  35.48069
  35.49602
  35.44285
  35.37361
  35.22156
  35.14937
  35.10725
  35.10726
  35.06156
  34.97941
  34.88334
  34.81630
  34.83106
  34.77622
  34.72359
  34.61473
  34.54277
  34.48510
  34.49954
  34.46140
  34.41175
  34.31209
  34.25496
  34.19942
  34.21148
  34.17092
  34.11653
  34.00766
  33.96506
  33.90219
  33.87569
  33.83040
  33.77720
  33.72440
  33.67131
  33.61889
  33.60952
  33.55209
  33.48250
  33.42313
  33.37147
  33.39762
  33.38035
  33.32982
  33.21836
  33.16368
  33.10224
  33.11862
  33.09227
  33.04910
  32.94944
  32.89237
  32.84318
  32.87408
  32.83899
  32.78787
  32.66500
  32.60226
  32.55551
  32.57350
  32.55631
  32.47590
  32.37004
  32.32845
  32.32270
  32.31203
  32.27329
  32.18918
  32.08395
  32.02565
  31.98237
  31.94092
  31.90257
  31.83617
  31.80216
  31.74980
  31.70139
  31.70084
  31.66504
  31.60350
  31.56515
  31.50319
  31.54863
  31.52816
  31.51259
  31.41637
  31.34317
  31.30175
  31.33992
  31.34141
  31.30124
  31.20949
  31.14124
  31.08657
  31.12650
  31.12862
  31.10918
  31.01185
  30.93206
  30.88141
  30.92080
  30.91312
  30.91121
  30.81566
  30.73888
  30.68724
  30.72505
  30.73299
  30.73600
  30.65274
  30.56726
  30.51978
  30.47590
  30.54552
  30.51399
  30.39965
  30.34769
  30.29209
  30.23376
  30.23128
  30.19104
  30.12380
  30.06380
  30.01373
  30.06929
  30.04717
  30.03239
  29.99715
  29.88406
  29.82169
  29.78270
  29.82983
  29.80208
  29.77311
  29.65529
  29.60442
  29.54676
  29.60952
  29.61392
  29.58148
  29.44326
  29.37781
  29.31432
  29.36503
  29.37505
  29.34586
  29.22621
  29.17009
  29.12780
  29.16364
  29.14175
  29.12619
  29.02394
  28.95361
  28.90110
  28.87081
  28.83954
  28.82448
  28.76383
  28.71029
  28.65180
  28.59895
  28.58388
  28.56923
  28.52041
  28.47650
  28.44664
  28.41406
  28.48703
  28.48845
  28.47278
  28.33786
  28.28042
  28.23315
  28.28193
  28.25470
  28.24268
  28.14550
  28.11712
  28.05614
  28.09132
  28.07434
  28.05477
  27.98845
  27.90631
  27.86013
  27.80546
  27.86267
  27.85311
  27.81318
  27.67560
  27.62701
  27.57035
  27.62752
  27.60821
  27.61819
  27.47034
  27.39808
  27.34561
  27.30778
  27.32382
  27.31936
  27.22086
  27.15749
  27.10062
  27.04333
  27.03747
  27.01606
  26.94096
  26.88619
  26.80972
  26.80043
  26.83367
  26.81773
  26.75929
  26.61954
  26.58489
  26.50391
  26.55197
  26.53125
  26.49181
  26.39310
  26.30798
  26.24219
  26.23031
  26.23189
  26.16994
  26.10835
  25.95573
  25.89710
  25.81581
  25.86711
  25.80262
  25.73201
  25.63669
  25.53428
  25.43612
  25.45227
  25.35970
  25.30349
  25.20501
  25.11896
  25.02950
  24.91924
  24.92278
  24.83152
  24.70926
  24.57877
  24.47793
  24.34909
  24.28352
  24.23457
  24.15282
  24.00252
  23.48670
  23.49390
  23.53367
  22.97795
  42.30785
  41.87066
  41.52909
  41.33967
  41.18104
  41.02586
  40.89940
  40.79503
  40.74438
  40.68485
  40.60013
  40.50452
  40.43369
  40.40463
  40.34649
  40.29880
  40.19771
  40.13181
  40.10573
  40.08531
  40.03177
  39.89863
  39.83866
  39.85439
  39.85819
  39.81310
  39.75293
  39.68954
  39.64206
  39.62544
  39.55761
  39.50496
  39.50190
  39.47879
  39.45306
  39.43295
  39.37012
  39.35182
  39.31443
  39.33700
  39.29031
  39.23398
  39.16776
  39.10219
  39.09407
  39.05573
  39.03842
  39.01179
  38.98168
  38.94867
  38.91203
  38.86923
  38.79635
  38.79012
  38.74873
  38.74203
  38.71333
  38.68022
  38.62681
  38.60684
  38.59751
  38.59920
  38.57839
  38.50416
  38.47115
  38.45298
  38.45159
  38.38531
  38.31817
  38.28076
  38.25924
  38.26880
  38.24532
  38.19530
  38.14821
  38.10879
  38.12156
  38.10528
  38.08158
  38.02779
  37.97578
  37.98397
  38.01350
  37.96254
  37.89736
  37.83998
  37.81192
  37.83275
  37.81727
  37.78263
  37.68752
  37.65624
  37.65066
  37.60625
  37.58308
  37.48849
  37.44874
  37.40786
  37.43557
  37.41055
  37.35066
  37.28806
  37.23084
  37.20161
  37.18746
  37.14303
  37.09174
  37.05056
  37.10584
  37.03188
  37.01448
  36.93755
  36.90047
  36.84549
  36.86190
  36.83285
  36.81250
  36.72073
  36.66068
  36.60738
  36.62656
  36.60392
  36.52348
  36.44467
  36.38035
  36.39794
  36.41551
  36.37282
  36.28381
  36.23036
  36.18655
  36.20231
  36.21902
  36.13667
  36.07508
  36.01627
  36.05267
  36.05487
  36.03378
  35.96054
  35.92267
  35.87791
  35.89117
  35.86728
  35.78827
  35.73825
  35.68158
  35.62581
  35.63268
  35.59175
  35.52600
  35.48159
  35.43449
  35.45241
  35.46309
  35.41648
  35.32725
  35.28664
  35.30222
  35.28955
  35.27092
  35.20739
  35.16160
  35.11889
  35.13604
  35.14978
  35.09308
  35.01505
  34.96780
  34.92524
  34.97386
  34.96049
  34.90107
  34.84720
  34.80274
  34.80428
  34.80455
  34.77025
  34.71160
  34.65514
  34.61021
  34.57349
  34.56794
  34.51742
  34.46780
  34.42847
  34.37492
  34.36763
  34.33567
  34.29802
  34.25676
  34.21637
  34.24697
  34.27064
  34.22684
  34.14926
  34.09650
  34.05117
  34.08159
  34.06703
  34.03348
  33.95771
  33.92724
  33.87688
  33.91700
  33.90395
  33.85493
  33.79396
  33.73827
  33.74231
  33.72984
  33.71532
  33.65351
  33.61068
  33.57228
  33.57907
  33.57215
  33.55627
  33.46617
  33.42138
  33.37209
  33.37127
  33.36883
  33.31268
  33.24994
  33.19597
  33.15319
  33.15284
  33.14482
  33.09256
  33.01503
  32.96568
  32.97936
  32.99866
  32.97445
  32.89625
  32.83465
  32.78696
  32.80254
  32.79950
  32.78246
  32.70775
  32.66961
  32.62261
  32.66275
  32.62476
  32.59490
  32.51044
  32.44765
  32.40626
  32.46744
  32.41526
  32.40241
  32.33372
  32.26975
  32.24757
  32.27242
  32.24324
  32.19757
  32.19237
  32.13623
  32.11633
  32.11773
  32.09110
  32.03877
  32.04382
  31.95911
  31.92181
  31.92775
  31.91824
  31.81003
  31.75261
  31.70298
  31.74016
  31.73985
  31.70103
  31.60213
  31.56418
  31.50102
  31.60880
  31.54807
  31.51685
  31.48753
  31.39402
  31.35543
  31.39267
  31.36872
  31.31227
  31.26543
  31.18686
  31.15638
  31.18510
  31.17469
  31.14486
  31.05208
  30.99726
  31.01811
  30.98132
  30.92150
